=== Run information ===

Scheme:       weka.classifiers.lazy.IBk -K 2 -W 0 -A "weka.core.neighboursearch.LinearNNSearch -A \"weka.core.EuclideanDistance -R first-last\""
Relation:     letter
Instances:    16000
Attributes:   17
              x-box
              y-box
              width
              high
              onpix
              x-bar
              y-bar
              x2bar
              y2bar
              xybar
              x2ybr
              xy2br
              x-ege
              xegvy
              y-ege
              yegvx
              class
Test mode:    10-fold cross-validation

=== Classifier model (full training set) ===

IB1 instance-based classifier
using 2 nearest neighbour(s) for classification


Time taken to build model: 0.01 seconds

=== Stratified cross-validation ===
=== Summary ===

Correctly Classified Instances       15007               93.7938 %
Incorrectly Classified Instances       993                6.2062 %
Kappa statistic                          0.9355
Mean absolute error                      0.0048
Root mean squared error                  0.0548
Relative absolute error                  6.4567 %
Root relative squared error             28.5085 %
Total Number of Instances            16000     

=== Detailed Accuracy By Class ===

                 TP Rate  FP Rate  Precision  Recall   F-Measure  MCC      ROC Area  PRC Area  Class
                 1.000    0.001    0.981      1.000    0.991      0.990    1.000     1.000     A
                 0.972    0.007    0.838      0.972    0.900      0.898    0.988     0.937     B
                 0.986    0.003    0.934      0.986    0.960      0.958    0.995     0.980     C
                 0.969    0.006    0.867      0.969    0.915      0.913    0.991     0.945     D
                 0.942    0.007    0.853      0.942    0.895      0.892    0.987     0.944     E
                 0.948    0.005    0.877      0.948    0.911      0.909    0.984     0.937     F
                 0.916    0.002    0.934      0.916    0.925      0.922    0.988     0.959     G
                 0.867    0.006    0.833      0.867    0.850      0.844    0.968     0.879     H
                 0.965    0.003    0.933      0.965    0.949      0.947    0.990     0.970     I
                 0.922    0.001    0.963      0.922    0.942      0.940    0.989     0.954     J
                 0.868    0.004    0.897      0.868    0.882      0.878    0.977     0.908     K
                 0.963    0.001    0.975      0.963    0.969      0.968    0.996     0.986     L
                 0.964    0.001    0.973      0.964    0.969      0.967    0.993     0.983     M
                 0.954    0.002    0.956      0.954    0.955      0.953    0.989     0.969     N
                 0.928    0.004    0.905      0.928    0.916      0.913    0.991     0.946     O
                 0.885    0.001    0.967      0.885    0.924      0.922    0.986     0.949     P
                 0.930    0.001    0.967      0.930    0.948      0.946    0.991     0.965     Q
                 0.858    0.002    0.952      0.858    0.903      0.900    0.984     0.929     R
                 0.926    0.001    0.979      0.926    0.952      0.950    0.996     0.985     S
                 0.938    0.002    0.953      0.938    0.945      0.943    0.987     0.963     T
                 0.958    0.000    0.990      0.958    0.974      0.973    0.996     0.990     U
                 0.953    0.002    0.960      0.953    0.957      0.955    0.991     0.969     V
                 0.963    0.000    0.995      0.963    0.979      0.978    0.998     0.988     W
                 0.906    0.001    0.981      0.906    0.942      0.941    0.992     0.969     X
                 0.944    0.001    0.979      0.944    0.961      0.960    0.994     0.966     Y
                 0.954    0.000    0.991      0.954    0.972      0.971    0.997     0.986     Z
Weighted Avg.    0.938    0.002    0.940      0.938    0.938      0.936    0.990     0.960     

=== Confusion Matrix ===

   a   b   c   d   e   f   g   h   i   j   k   l   m   n   o   p   q   r   s   t   u   v   w   x   y   z   <-- classified as
 633   0   0   0   0   0   0   0   0   0   0   0   0   0   0   0   0   0   0   0   0   0   0   0   0   0 |   a = A
   0 589   0   3   2   0   0   2   0   0   1   0   2   0   0   0   0   4   2   0   0   1   0   0   0   0 |   b = B
   0   0 581   0   3   0   2   0   0   0   0   0   0   0   2   0   0   0   0   0   0   1   0   0   0   0 |   c = C
   1   9   0 618   0   0   0   3   0   0   1   0   1   1   2   0   1   1   0   0   0   0   0   0   0   0 |   d = D
   0   4  15   1 580   2   3   0   0   0   0   1   0   0   0   0   1   0   4   0   0   0   0   0   0   5 |   e = E
   0   4   0   1   2 587   0   1   1   2   0   0   0   1   0  10   1   1   1   5   0   1   0   0   1   0 |   f = F
   0  10   6   6  21   0 537   0   0   0   1   0   1   0   2   0   1   0   0   0   0   1   0   0   0   0 |   g = G
   0  12   1  33   5   2   3 495   0   0  10   1   1   2   1   1   0   3   0   0   0   1   0   0   0   0 |   h = H
   0   0   0   1   1   7   0   0 587  12   0   0   0   0   0   0   0   0   0   0   0   0   0   0   0   0 |   i = I
   1   0   0   1   0   2   0   2  39 567   0   0   0   0   1   0   0   0   0   0   1   0   0   1   0   0 |   j = J
   0   6   0   1  14   0   3  44   0   0 524   0   0   0   0   0   0   6   0   0   0   0   0   6   0   0 |   k = K
   0   0   2   0   7   0   4   2   1   3   2 579   0   0   0   0   0   1   0   0   0   0   0   0   0   0 |   l = L
   1   5   0   3   1   0   4   2   0   0   0   0 616   1   1   1   0   0   0   0   0   3   1   0   0   0 |   m = M
   2   1   0   8   0   0   0   4   0   2   0   1   2 608   5   0   0   3   0   0   0   1   0   0   0   0 |   n = N
   0   2   6  15   0   0   5   4   0   0   0   0   0   8 564   0   3   0   0   0   1   0   0   0   0   0 |   o = O
   0   2   0   4   2  48   4   5   0   0   0   2   0   0   2 560   2   0   0   0   0   0   0   0   2   0 |   p = P
   1   0   0   2   1   0   5   0   0   0   0   0   0   0  31   3 594   0   0   0   0   0   0   0   2   0 |   q = Q
   0  27   1   6   1   2   0  15   0   1  15   2   0  12   0   1   2 519   0   0   0   1   0   0   0   0 |   r = R
   0   7   0   2  19   1   2   2   1   1   1   3   0   0   0   0   0   4 553   1   0   0   0   0   0   0 |   s = S
   0   4   5   2   0  15   0   1   0   1   2   0   0   1   0   0   0   0   0 603   0   1   0   1   7   0 |   t = T
   3   3   3   1   0   0   0   8   0   0   3   1   3   0   1   0   0   0   0   0 615   1   0   0   0   0 |   u = U
   0  12   1   0   0   2   1   1   0   0   0   0   4   1   2   1   0   0   0   1   1 583   1   0   1   0 |   v = V
   0   0   1   0   0   0   2   1   0   0   0   0   3   1   8   0   0   1   0   0   3   3 592   0   0   0 |   w = W
   0   4   0   5  10   0   0   2   0   0  24   3   0   0   1   0   0   2   2   5   0   0   0 560   0   0 |   x = X
   3   1   0   0   0   0   0   0   0   0   0   0   0   0   0   2   4   0   0  15   0   9   1   1 606   0 |   y = Y
   0   1   0   0  11   1   0   0   0   0   0   1   0   0   0   0   5   0   3   3   0   0   0   2   0 557 |   z = Z

