=== Run information ===

Scheme:       weka.classifiers.lazy.IBk -K 1 -W 0 -A "weka.core.neighboursearch.LinearNNSearch -A \"weka.core.EuclideanDistance -R first-last\""
Relation:     letter
Instances:    16000
Attributes:   17
              x-box
              y-box
              width
              high
              onpix
              x-bar
              y-bar
              x2bar
              y2bar
              xybar
              x2ybr
              xy2br
              x-ege
              xegvy
              y-ege
              yegvx
              class
Test mode:    10-fold cross-validation

=== Classifier model (full training set) ===

IB1 instance-based classifier
using 1 nearest neighbour(s) for classification


Time taken to build model: 0.01 seconds

=== Stratified cross-validation ===
=== Summary ===

Correctly Classified Instances       15221               95.1312 %
Incorrectly Classified Instances       779                4.8688 %
Kappa statistic                          0.9494
Mean absolute error                      0.0039
Root mean squared error                  0.0603
Relative absolute error                  5.2148 %
Root relative squared error             31.3349 %
Total Number of Instances            16000     

=== Detailed Accuracy By Class ===

                 TP Rate  FP Rate  Precision  Recall   F-Measure  MCC      ROC Area  PRC Area  Class
                 0.994    0.000    0.992      0.994    0.993      0.993    0.997     0.988     A
                 0.929    0.004    0.908      0.929    0.918      0.915    0.967     0.861     B
                 0.978    0.001    0.971      0.978    0.975      0.974    0.990     0.954     C
                 0.951    0.003    0.925      0.951    0.938      0.936    0.978     0.895     D
                 0.938    0.003    0.919      0.938    0.929      0.926    0.972     0.883     E
                 0.935    0.002    0.940      0.935    0.938      0.935    0.969     0.895     F
                 0.930    0.002    0.953      0.930    0.941      0.939    0.968     0.897     G
                 0.869    0.004    0.878      0.869    0.873      0.869    0.941     0.787     H
                 0.961    0.002    0.950      0.961    0.955      0.953    0.982     0.936     I
                 0.933    0.002    0.947      0.933    0.940      0.938    0.970     0.897     J
                 0.901    0.004    0.896      0.901    0.898      0.894    0.959     0.825     K
                 0.970    0.001    0.977      0.970    0.973      0.972    0.988     0.958     L
                 0.973    0.001    0.983      0.973    0.978      0.977    0.988     0.962     M
                 0.962    0.001    0.968      0.962    0.965      0.964    0.983     0.940     N
                 0.947    0.003    0.919      0.947    0.933      0.930    0.977     0.885     O
                 0.938    0.002    0.961      0.938    0.950      0.948    0.974     0.912     P
                 0.948    0.002    0.954      0.948    0.951      0.949    0.979     0.922     Q
                 0.916    0.004    0.911      0.916    0.913      0.910    0.962     0.850     R
                 0.966    0.001    0.981      0.966    0.974      0.973    0.988     0.956     S
                 0.963    0.001    0.969      0.963    0.966      0.964    0.984     0.941     T
                 0.977    0.001    0.978      0.977    0.977      0.976    0.988     0.960     U
                 0.964    0.002    0.946      0.964    0.955      0.953    0.983     0.925     V
                 0.984    0.001    0.987      0.984    0.985      0.985    0.994     0.975     W
                 0.945    0.001    0.964      0.945    0.954      0.952    0.978     0.929     X
                 0.974    0.001    0.969      0.974    0.971      0.970    0.990     0.949     Y
                 0.978    0.001    0.984      0.978    0.981      0.980    0.991     0.968     Z
Weighted Avg.    0.951    0.002    0.952      0.951    0.951      0.949    0.979     0.918     

=== Confusion Matrix ===

   a   b   c   d   e   f   g   h   i   j   k   l   m   n   o   p   q   r   s   t   u   v   w   x   y   z   <-- classified as
 629   0   0   0   0   0   0   0   0   1   0   0   1   0   0   0   0   0   0   1   0   0   0   0   1   0 |   a = A
   0 563   0   7   2   0   1   3   0   0   0   0   1   0   0   0   0  11   0   0   2  14   0   1   0   1 |   b = B
   0   0 576   0   5   0   1   0   0   0   1   1   0   0   2   0   0   0   0   1   0   1   1   0   0   0 |   c = C
   0   4   0 607   1   0   2   6   0   0   1   0   1   2   5   0   1   4   2   1   0   0   0   1   0   0 |   d = D
   0   2   5   0 578   1   8   2   0   0   5   3   0   0   0   0   1   0   3   0   1   0   0   3   0   4 |   e = E
   0   2   0   0   0 579   0   1   2   3   0   0   0   2   0  18   1   1   0   5   0   2   0   1   2   0 |   f = F
   0   6   3   2  11   0 545   1   0   0   2   1   0   0   6   0   5   1   1   0   0   2   0   0   0   0 |   g = G
   0   5   1  18   2   0   3 496   0   1  21   1   1   2   5   2   0  10   0   0   1   1   0   1   0   0 |   h = H
   0   0   0   0   0   4   0   0 584  18   0   0   0   0   0   1   0   0   0   0   0   0   0   1   0   0 |   i = I
   1   0   0   1   0   2   0   2  28 574   0   2   0   1   1   0   1   0   0   0   2   0   0   0   0   0 |   j = J
   0   2   0   0   7   0   1  26   0   0 544   0   0   0   0   0   0  12   0   1   0   0   0  11   0   0 |   k = K
   0   0   1   0   3   0   1   3   0   4   2 583   0   0   0   0   0   3   1   0   0   0   0   0   0   0 |   l = L
   1   2   0   0   0   0   2   0   0   0   0   0 622   2   3   0   0   0   0   0   0   5   2   0   0   0 |   m = M
   1   0   0   3   0   0   0   2   0   2   0   0   1 613   6   0   0   5   0   0   0   3   1   0   0   0 |   n = N
   0   1   4  10   0   0   2   2   0   0   0   0   0   1 576   0   8   1   0   0   2   0   1   0   0   0 |   o = O
   0   2   0   2   0  24   0   2   0   0   0   1   1   0   1 594   4   0   0   0   0   0   0   0   2   0 |   p = P
   0   0   0   2   0   0   4   0   0   0   0   0   0   0  18   2 606   2   1   0   0   0   0   0   2   2 |   q = Q
   0  15   0   1   1   1   0  11   0   0  11   1   0   7   0   0   2 554   0   0   0   1   0   0   0   0 |   r = R
   0   3   0   1   7   0   0   1   1   1   0   2   0   0   0   0   0   1 577   1   1   0   0   0   0   1 |   s = S
   0   1   2   1   0   4   0   1   0   2   1   0   0   0   0   0   0   0   0 619   0   1   0   1  10   0 |   t = T
   1   1   0   1   0   0   0   5   0   0   2   1   1   0   1   0   0   0   0   0 627   1   0   0   1   0 |   u = U
   0   8   1   0   0   1   1   1   0   0   0   0   2   2   1   1   0   0   0   0   0 590   2   0   2   0 |   v = V
   0   0   0   0   0   0   1   0   0   0   0   0   2   1   1   0   0   1   0   0   3   1 605   0   0   0 |   w = W
   0   2   0   0   6   0   0   0   0   0  17   1   0   0   1   0   0   2   2   2   0   0   0 584   0   1 |   x = X
   1   1   0   0   0   0   0   0   0   0   0   0   0   0   0   0   1   0   0   8   2   2   1   1 625   0 |   y = Y
   0   0   0   0   6   0   0   0   0   0   0   0   0   0   0   0   5   0   1   0   0   0   0   1   0 571 |   z = Z

