=== Run information ===

Scheme:       weka.classifiers.lazy.IBk -K 4 -W 0 -A "weka.core.neighboursearch.LinearNNSearch -A \"weka.core.EuclideanDistance -R first-last\""
Relation:     letter
Instances:    16000
Attributes:   17
              x-box
              y-box
              width
              high
              onpix
              x-bar
              y-bar
              x2bar
              y2bar
              xybar
              x2ybr
              xy2br
              x-ege
              xegvy
              y-ege
              yegvx
              class
Test mode:    10-fold cross-validation

=== Classifier model (full training set) ===

IB1 instance-based classifier
using 4 nearest neighbour(s) for classification


Time taken to build model: 0.02 seconds

=== Stratified cross-validation ===
=== Summary ===

Correctly Classified Instances       15127               94.5438 %
Incorrectly Classified Instances       873                5.4562 %
Kappa statistic                          0.9433
Mean absolute error                      0.0067
Root mean squared error                  0.056 
Relative absolute error                  8.9923 %
Root relative squared error             29.1349 %
Total Number of Instances            16000     

=== Detailed Accuracy By Class ===

                 TP Rate  FP Rate  Precision  Recall   F-Measure  MCC      ROC Area  PRC Area  Class
                 0.992    0.001    0.980      0.992    0.986      0.985    1.000     0.999     A
                 0.960    0.007    0.848      0.960    0.901      0.899    0.996     0.963     B
                 0.975    0.002    0.960      0.975    0.967      0.966    0.999     0.994     C
                 0.961    0.004    0.900      0.961    0.929      0.927    0.997     0.972     D
                 0.948    0.004    0.897      0.948    0.922      0.919    0.996     0.972     E
                 0.943    0.004    0.907      0.943    0.925      0.922    0.993     0.964     F
                 0.913    0.002    0.944      0.913    0.928      0.925    0.994     0.971     G
                 0.844    0.004    0.883      0.844    0.863      0.858    0.982     0.908     H
                 0.961    0.003    0.936      0.961    0.948      0.946    0.997     0.986     I
                 0.920    0.001    0.973      0.920    0.946      0.944    0.995     0.981     J
                 0.882    0.003    0.919      0.882    0.900      0.897    0.986     0.945     K
                 0.962    0.001    0.981      0.962    0.971      0.970    0.996     0.992     L
                 0.967    0.001    0.978      0.967    0.972      0.971    0.996     0.987     M
                 0.943    0.002    0.962      0.943    0.952      0.951    0.993     0.979     N
                 0.957    0.004    0.900      0.957    0.927      0.925    0.995     0.973     O
                 0.900    0.001    0.961      0.900    0.930      0.928    0.994     0.970     P
                 0.939    0.002    0.957      0.939    0.948      0.946    0.998     0.983     Q
                 0.917    0.003    0.914      0.917    0.916      0.913    0.994     0.960     R
                 0.953    0.001    0.981      0.953    0.967      0.966    0.998     0.993     S
                 0.963    0.001    0.964      0.963    0.963      0.962    0.996     0.983     T
                 0.978    0.001    0.980      0.978    0.979      0.978    0.999     0.994     U
                 0.956    0.002    0.957      0.956    0.957      0.955    0.997     0.987     V
                 0.963    0.001    0.983      0.963    0.973      0.972    0.999     0.995     W
                 0.935    0.001    0.967      0.935    0.951      0.949    0.997     0.987     X
                 0.964    0.001    0.983      0.964    0.973      0.972    0.999     0.988     Y
                 0.973    0.001    0.986      0.973    0.979      0.979    0.999     0.992     Z
Weighted Avg.    0.945    0.002    0.946      0.945    0.946      0.944    0.996     0.978     

=== Confusion Matrix ===

   a   b   c   d   e   f   g   h   i   j   k   l   m   n   o   p   q   r   s   t   u   v   w   x   y   z   <-- classified as
 628   0   1   0   0   0   0   0   0   0   0   0   0   0   0   0   0   2   0   0   1   0   0   0   1   0 |   a = A
   1 582   0   3   1   0   0   5   0   0   0   0   0   0   0   0   0   5   2   0   0   6   0   0   0   1 |   b = B
   1   0 574   0   2   0   1   0   0   0   0   3   0   0   4   0   1   0   0   1   0   2   0   0   0   0 |   c = C
   1   8   0 613   1   0   0   3   0   0   1   0   1   3   3   1   1   2   0   0   0   0   0   0   0   0 |   d = D
   0   4   7   0 584   1   6   0   0   0   0   1   0   0   0   1   3   0   3   0   0   0   0   0   0   6 |   e = E
   0   2   0   0   1 584   0   0   2   2   0   0   0   3   0  14   1   1   0   6   0   1   0   1   0   1 |   f = F
   0  10   4   6  15   0 535   2   0   0   1   0   0   0   5   1   2   2   1   0   0   1   1   0   0   0 |   g = G
   0  16   1  28   3   0   3 482   0   0  16   0   2   2   2   1   1  11   0   0   1   2   0   0   0   0 |   h = H
   0   0   1   1   0  10   0   0 584  12   0   0   0   0   0   0   0   0   0   0   0   0   0   0   0   0 |   i = I
   2   0   0   0   1   1   0   3  34 566   0   1   0   1   1   0   1   0   1   0   1   0   0   2   0   0 |   j = J
   0   6   0   0  10   0   0  31   0   0 533   0   0   0   0   0   0   9   0   1   1   0   0  13   0   0 |   k = K
   0   0   1   0   5   0   7   2   1   2   1 578   0   0   0   0   0   3   0   0   0   0   0   1   0   0 |   l = L
   1   8   0   0   1   0   3   0   0   0   0   0 618   1   1   0   0   0   0   0   0   3   3   0   0   0 |   m = M
   1   3   0   6   0   0   0   4   0   0   0   1   4 601   7   0   0   8   0   0   0   1   1   0   0   0 |   n = N
   0   2   5   9   0   0   2   0   0   0   0   0   0   2 582   0   2   0   0   0   2   0   2   0   0   0 |   o = O
   0   1   0   3   2  41   3   2   0   0   0   3   1   0   1 570   3   1   0   0   0   0   0   0   2   0 |   p = P
   1   0   0   0   0   0   2   0   0   0   0   0   0   0  31   3 600   1   0   0   0   0   0   0   1   0 |   q = Q
   0  16   0   5   2   0   0   7   0   0   5   1   0  11   0   0   3 555   0   0   0   0   0   0   0   0 |   r = R
   0   6   0   3   9   0   1   0   2   0   2   1   0   0   0   0   1   2 569   1   0   0   0   0   0   0 |   s = S
   0   3   1   2   0   6   0   1   0   0   2   0   0   0   0   0   0   0   0 619   0   1   0   1   7   0 |   t = T
   2   0   2   1   0   0   0   3   0   0   2   0   1   0   2   0   0   0   0   0 628   1   0   0   0   0 |   u = U
   0  15   1   0   0   1   2   0   0   0   0   0   0   1   1   1   0   0   0   1   2 585   2   0   0   0 |   v = V
   0   2   0   0   0   0   2   1   0   0   0   0   4   0   7   0   0   1   0   0   3   3 592   0   0   0 |   w = W
   2   1   0   1   9   0   0   0   1   0  17   0   0   0   0   0   1   3   2   2   1   0   0 578   0   0 |   x = X
   1   1   0   0   0   0   0   0   0   0   0   0   1   0   0   1   0   0   0  11   1   5   1   1 619   0 |   y = Y
   0   0   0   0   5   0   0   0   0   0   0   0   0   0   0   0   7   1   2   0   0   0   0   1   0 568 |   z = Z

