=== Run information ===

Scheme:       weka.classifiers.lazy.IBk -K 6 -W 0 -A "weka.core.neighboursearch.LinearNNSearch -A \"weka.core.EuclideanDistance -R first-last\""
Relation:     letter
Instances:    16000
Attributes:   17
              x-box
              y-box
              width
              high
              onpix
              x-bar
              y-bar
              x2bar
              y2bar
              xybar
              x2ybr
              xy2br
              x-ege
              xegvy
              y-ege
              yegvx
              class
Test mode:    10-fold cross-validation

=== Classifier model (full training set) ===

IB1 instance-based classifier
using 6 nearest neighbour(s) for classification


Time taken to build model: 0.01 seconds

=== Stratified cross-validation ===
=== Summary ===

Correctly Classified Instances       15076               94.225  %
Incorrectly Classified Instances       924                5.775  %
Kappa statistic                          0.9399
Mean absolute error                      0.0082
Root mean squared error                  0.0589
Relative absolute error                 11.0658 %
Root relative squared error             30.6467 %
Total Number of Instances            16000     

=== Detailed Accuracy By Class ===

                 TP Rate  FP Rate  Precision  Recall   F-Measure  MCC      ROC Area  PRC Area  Class
                 0.994    0.001    0.978      0.994    0.986      0.985    1.000     0.999     A
                 0.950    0.006    0.858      0.950    0.902      0.899    0.996     0.966     B
                 0.961    0.001    0.963      0.961    0.962      0.960    0.999     0.992     C
                 0.953    0.006    0.877      0.953    0.914      0.911    0.998     0.974     D
                 0.945    0.004    0.904      0.945    0.924      0.921    0.999     0.977     E
                 0.942    0.004    0.908      0.942    0.925      0.922    0.994     0.965     F
                 0.916    0.002    0.936      0.916    0.926      0.923    0.996     0.976     G
                 0.830    0.004    0.875      0.830    0.852      0.847    0.986     0.917     H
                 0.956    0.002    0.939      0.956    0.947      0.945    0.998     0.988     I
                 0.922    0.001    0.961      0.922    0.941      0.939    0.996     0.983     J
                 0.896    0.004    0.908      0.896    0.902      0.898    0.990     0.951     K
                 0.962    0.001    0.976      0.962    0.969      0.968    0.998     0.992     L
                 0.962    0.001    0.981      0.962    0.972      0.970    0.997     0.990     M
                 0.940    0.001    0.968      0.940    0.954      0.952    0.996     0.983     N
                 0.949    0.005    0.882      0.949    0.914      0.912    0.998     0.975     O
                 0.893    0.001    0.978      0.893    0.933      0.932    0.995     0.977     P
                 0.934    0.002    0.954      0.934    0.944      0.942    0.998     0.986     Q
                 0.916    0.003    0.913      0.916    0.914      0.911    0.998     0.967     R
                 0.941    0.001    0.979      0.941    0.960      0.959    0.999     0.991     S
                 0.961    0.002    0.960      0.961    0.960      0.959    0.999     0.988     T
                 0.975    0.001    0.969      0.975    0.972      0.971    1.000     0.997     U
                 0.958    0.002    0.947      0.958    0.952      0.950    0.999     0.989     V
                 0.964    0.001    0.985      0.964    0.975      0.974    0.999     0.995     W
                 0.934    0.001    0.962      0.934    0.947      0.945    0.998     0.988     X
                 0.963    0.001    0.975      0.963    0.969      0.967    0.999     0.992     Y
                 0.971    0.001    0.984      0.971    0.978      0.977    0.999     0.995     Z
Weighted Avg.    0.942    0.002    0.943      0.942    0.942      0.940    0.997     0.981     

=== Confusion Matrix ===

   a   b   c   d   e   f   g   h   i   j   k   l   m   n   o   p   q   r   s   t   u   v   w   x   y   z   <-- classified as
 629   0   1   1   0   0   0   0   0   0   0   0   0   0   0   0   0   0   0   0   1   0   0   0   1   0 |   a = A
   0 576   0   3   2   0   0   7   0   0   0   0   0   0   0   0   0   7   2   0   1   7   0   0   0   1 |   b = B
   1   0 566   0   2   0   4   1   0   0   0   3   0   0   6   0   1   1   0   0   2   1   0   1   0   0 |   c = C
   1   4   0 608   0   0   0   8   0   0   1   0   0   3   5   1   1   2   1   1   0   0   0   2   0   0 |   d = D
   0   3   8   0 582   1   6   0   0   0   0   1   0   0   0   0   3   0   2   1   1   0   0   1   0   7 |   e = E
   1   1   0   2   3 583   0   1   0   2   0   0   0   3   0   7   1   1   1  10   0   1   1   0   1   0 |   f = F
   0   8   5   8   9   1 537   3   0   0   1   0   1   0   6   0   2   1   1   0   0   2   1   0   0   0 |   g = G
   0  12   0  29   2   0   5 474   0   0  24   0   2   2   6   1   1  11   0   0   0   2   0   0   0   0 |   h = H
   0   0   0   1   2   5   0   0 581  18   0   0   0   0   0   0   0   0   0   0   0   0   0   1   0   0 |   i = I
   1   0   0   1   0   2   0   2  34 567   0   1   0   1   2   0   1   0   0   0   1   0   0   2   0   0 |   j = J
   0   3   0   3  12   0   0  21   0   0 541   0   0   0   0   0   0  10   0   0   2   0   0  12   0   0 |   k = K
   0   1   0   0   4   0   9   2   1   1   1 578   0   0   0   0   0   3   0   0   0   0   0   1   0   0 |   l = L
   1   8   0   0   1   0   4   0   0   0   0   0 615   3   1   0   0   0   0   0   0   3   3   0   0   0 |   m = M
   2   2   0   8   0   0   0   4   0   1   0   2   2 599   6   0   0   7   0   0   0   3   1   0   0   0 |   n = N
   0   1   4  13   0   0   1   0   0   0   0   0   0   2 577   0   6   1   0   0   1   0   2   0   0   0 |   o = O
   0   3   1   2   3  44   2   3   0   0   0   2   0   0   3 565   1   0   1   0   0   0   0   0   3   0 |   p = P
   1   0   0   1   0   0   2   0   0   0   0   0   0   0  32   2 597   2   0   0   0   0   0   0   2   0 |   q = Q
   0  20   0   4   2   0   0   7   0   0   9   0   0   5   0   0   2 554   0   0   0   2   0   0   0   0 |   r = R
   0   8   0   3   9   1   0   1   2   1   1   2   0   0   0   0   1   3 562   1   1   0   0   0   0   1 |   s = S
   0   2   1   3   0   4   0   1   0   0   2   0   0   0   0   0   0   1   0 618   0   2   0   1   8   0 |   t = T
   3   0   1   1   0   0   0   5   0   0   1   0   1   0   3   0   0   0   0   0 626   1   0   0   0   0 |   u = U
   0  15   1   0   0   1   2   0   0   0   0   0   0   1   1   1   0   0   0   0   2 586   1   0   1   0 |   v = V
   0   1   0   0   0   0   2   1   0   0   0   0   5   0   6   0   0   1   0   0   4   2 593   0   0   0 |   w = W
   2   2   0   2   7   0   0   1   1   0  15   3   0   0   0   0   1   1   1   3   2   0   0 577   0   0 |   x = X
   1   1   0   0   0   0   0   0   0   0   0   0   1   0   0   1   1   0   0  10   2   7   0   0 618   0 |   y = Y
   0   0   0   0   4   0   0   0   0   0   0   0   0   0   0   0   7   1   3   0   0   0   0   2   0 567 |   z = Z

