=== Run information ===

Scheme:       weka.classifiers.lazy.IBk -K 8 -W 0 -A "weka.core.neighboursearch.LinearNNSearch -A \"weka.core.EuclideanDistance -R first-last\""
Relation:     letter
Instances:    16000
Attributes:   17
              x-box
              y-box
              width
              high
              onpix
              x-bar
              y-bar
              x2bar
              y2bar
              xybar
              x2ybr
              xy2br
              x-ege
              xegvy
              y-ege
              yegvx
              class
Test mode:    10-fold cross-validation

=== Classifier model (full training set) ===

IB1 instance-based classifier
using 8 nearest neighbour(s) for classification


Time taken to build model: 0.06 seconds

=== Stratified cross-validation ===
=== Summary ===

Correctly Classified Instances       15057               94.1063 %
Incorrectly Classified Instances       943                5.8937 %
Kappa statistic                          0.9387
Mean absolute error                      0.0096
Root mean squared error                  0.0619
Relative absolute error                 12.9352 %
Root relative squared error             32.2137 %
Total Number of Instances            16000     

=== Detailed Accuracy By Class ===

                 TP Rate  FP Rate  Precision  Recall   F-Measure  MCC      ROC Area  PRC Area  Class
                 0.989    0.001    0.980      0.989    0.984      0.984    1.000     0.998     A
                 0.942    0.006    0.854      0.942    0.896      0.893    0.997     0.965     B
                 0.966    0.001    0.964      0.966    0.965      0.964    0.999     0.993     C
                 0.962    0.005    0.880      0.962    0.919      0.917    0.999     0.977     D
                 0.940    0.004    0.909      0.940    0.924      0.921    0.998     0.975     E
                 0.927    0.004    0.905      0.927    0.916      0.913    0.994     0.964     F
                 0.904    0.002    0.948      0.904    0.926      0.923    0.997     0.974     G
                 0.827    0.004    0.874      0.827    0.850      0.845    0.991     0.917     H
                 0.951    0.003    0.937      0.951    0.944      0.941    0.998     0.987     I
                 0.920    0.002    0.958      0.920    0.939      0.936    0.998     0.986     J
                 0.887    0.004    0.899      0.887    0.893      0.889    0.995     0.951     K
                 0.962    0.001    0.973      0.962    0.967      0.966    0.999     0.992     L
                 0.958    0.001    0.978      0.958    0.968      0.966    0.997     0.990     M
                 0.937    0.001    0.968      0.937    0.952      0.950    0.995     0.984     N
                 0.949    0.005    0.892      0.949    0.920      0.917    0.998     0.976     O
                 0.900    0.001    0.978      0.900    0.938      0.936    0.995     0.979     P
                 0.939    0.002    0.951      0.939    0.945      0.943    0.999     0.985     Q
                 0.926    0.004    0.903      0.926    0.914      0.911    0.998     0.966     R
                 0.946    0.001    0.971      0.946    0.958      0.957    0.999     0.991     S
                 0.966    0.002    0.955      0.966    0.961      0.959    1.000     0.987     T
                 0.972    0.001    0.969      0.972    0.970      0.969    1.000     0.996     U
                 0.953    0.002    0.942      0.953    0.947      0.945    1.000     0.989     V
                 0.961    0.001    0.982      0.961    0.971      0.970    1.000     0.996     W
                 0.939    0.002    0.956      0.939    0.947      0.945    0.999     0.986     X
                 0.960    0.001    0.979      0.960    0.969      0.968    0.998     0.992     Y
                 0.973    0.001    0.981      0.973    0.977      0.976    0.999     0.995     Z
Weighted Avg.    0.941    0.002    0.942      0.941    0.941      0.939    0.998     0.981     

=== Confusion Matrix ===

   a   b   c   d   e   f   g   h   i   j   k   l   m   n   o   p   q   r   s   t   u   v   w   x   y   z   <-- classified as
 626   1   2   1   0   0   0   0   0   0   0   0   1   0   0   0   0   1   0   0   1   0   0   0   0   0 |   a = A
   0 571   0   3   2   0   0   6   0   0   0   0   0   0   0   0   0   7   3   0   1  10   0   2   0   1 |   b = B
   0   0 569   0   3   0   3   1   0   0   2   3   0   0   5   0   1   0   0   0   0   1   0   1   0   0 |   c = C
   1   6   0 614   1   0   0   2   0   0   0   0   0   4   3   0   1   2   2   1   0   0   0   1   0   0 |   d = D
   0   2   9   0 579   1   6   0   0   0   2   1   0   0   0   0   3   0   2   1   1   0   0   0   0   9 |   e = E
   0   1   0   3   3 574   1   1   3   1   0   0   0   3   0  10   1   1   2  13   0   1   1   0   0   0 |   f = F
   0   7   4   7  13   3 530   4   0   0   2   0   0   0   5   0   2   1   2   0   0   4   1   1   0   0 |   g = G
   0  12   0  28   2   0   5 472   0   0  25   2   1   2   5   1   1  13   0   0   0   1   1   0   0   0 |   h = H
   0   0   1   1   1   7   0   0 578  18   1   0   0   0   0   0   0   0   0   0   0   0   0   1   0   0 |   i = I
   0   0   0   1   1   1   0   4  33 566   0   1   0   1   2   0   1   0   0   0   2   0   0   2   0   0 |   j = J
   0   6   0   3   8   0   0  23   0   0 536   1   0   0   0   0   0  12   0   0   2   0   0  13   0   0 |   k = K
   0   1   0   0   5   0   5   4   1   1   1 578   0   0   0   0   0   4   0   0   0   0   0   1   0   0 |   l = L
   3   9   0   0   0   0   4   0   0   0   0   0 612   3   2   0   0   0   0   0   0   3   3   0   0   0 |   m = M
   1   2   0   8   0   0   0   5   0   0   0   1   3 597   8   0   0   8   0   0   0   3   1   0   0   0 |   n = N
   0   1   3  11   0   0   0   2   0   0   0   0   0   3 577   0   7   0   0   0   2   0   2   0   0   0 |   o = O
   0   3   0   3   2  39   1   5   0   0   0   3   0   0   1 570   1   1   1   0   0   0   0   0   3   0 |   p = P
   1   0   0   1   1   0   2   0   0   0   0   0   0   0  30   0 600   1   0   0   0   0   0   0   3   0 |   q = Q
   0  16   0   4   1   1   0   4   0   1  10   1   0   3   0   0   2 560   0   0   0   2   0   0   0   0 |   r = R
   0   8   0   2   6   3   0   0   1   1   1   1   0   0   0   0   1   4 565   1   1   0   0   1   0   1 |   s = S
   0   2   1   3   0   3   0   1   0   1   1   0   0   0   0   0   1   0   0 621   0   2   0   1   6   0 |   t = T
   4   0   1   2   0   0   0   5   0   0   0   0   3   0   2   0   0   0   0   0 624   0   0   1   0   0 |   u = U
   0  15   0   0   0   1   1   0   0   0   0   0   1   1   1   1   0   2   1   0   2 583   2   0   1   0 |   v = V
   0   2   0   0   0   0   1   1   0   0   0   0   4   0   6   0   0   1   0   0   4   5 591   0   0   0 |   w = W
   2   2   0   2   6   1   0   0   1   1  15   2   0   0   0   0   1   1   1   1   2   0   0 580   0   0 |   x = X
   1   2   0   1   0   0   0   0   0   1   0   0   1   0   0   1   1   0   0  12   2   4   0   0 616   0 |   y = Y
   0   0   0   0   3   0   0   0   0   0   0   0   0   0   0   0   7   1   3   0   0   0   0   2   0 568 |   z = Z

