=== Run information ===

Scheme:       weka.classifiers.functions.Logistic -R 1.0E-8 -M -1 -num-decimal-places 4
Relation:     letter
Instances:    16000
Attributes:   17
              x-box
              y-box
              width
              high
              onpix
              x-bar
              y-bar
              x2bar
              y2bar
              xybar
              x2ybr
              xy2br
              x-ege
              xegvy
              y-ege
              yegvx
              class
Test mode:    10-fold cross-validation

=== Classifier model (full training set) ===

Logistic Regression with ridge parameter of 1.0E-8
Coefficients...
               Class
Variable           A        B        C        D        E        F        G        H        I        J        K        L        M        N        O        P        Q        R        S        T        U        V        W        X        Y
============================================================================================================================================================================================================================================
x-box        -1.0147   0.0359   0.5671  -0.0688   -0.284   -0.194   0.3274  -0.2334   0.2858    0.138  -0.2611  -0.3023   -0.156  -0.4557   0.2548   0.3141   0.7721  -0.2338   -0.119   0.9248   0.7223    0.429    0.157  -0.2307   0.5912
y-box         0.8382   0.5968    0.759   0.8139    0.647   0.4904   0.5737   0.4854   0.6521   0.1651   0.5807   0.8716   0.8256   0.7136   0.5631   0.1701   0.1762   0.6784   0.5456   0.6869   0.7315   0.5629   0.4876   0.5478   0.1791
width         2.6916   0.1762   0.2484  -0.2436   0.1791   0.6839   1.0046   2.0855  -0.3029   0.4469    2.005   0.5697    2.345   2.3723   0.8752   0.7293   0.4687   1.0209   1.3088  -0.4168   0.1669   1.0603   1.8792   1.9727    0.778
high         -0.5324  -1.3783  -1.0736  -1.7526  -1.0363    -0.65  -0.9033  -1.3265  -0.0095   0.5391  -0.8835  -0.6622   -2.547  -1.3826   -0.931  -0.4384  -0.0804  -1.1821  -0.4243  -1.0188  -1.6147  -0.9643  -1.8159  -0.2705  -0.2193
onpix        -1.0472    0.641  -0.3061   1.2103   0.5151   0.3121   -0.432  -0.1418  -0.1667  -0.6926  -1.1135  -0.1141   0.0379   -0.649  -0.2471   0.3574  -0.4735   -0.046  -0.9243   0.7672   0.6805  -0.2391    0.242  -2.0786  -0.4518
x-bar         -0.134  -1.4261  -1.6164  -1.4073  -1.6727  -1.8702  -1.5939  -1.2263  -0.9505   0.2834   -2.724  -1.6873  -1.2415  -1.9007  -1.2385  -1.7139  -0.3447  -1.8189   -0.952  -0.9329  -1.5604  -1.7108  -1.9896  -1.3558  -1.2025
y-bar        -0.1581    -0.11   0.9214  -0.5837   0.8257   0.9171  -0.2471   0.7702  -0.2399   0.4196   0.3838  -1.6535   0.7359   1.0286   0.3673  -0.0333  -0.3035   1.1837  -0.1934   1.9282  -0.1492   0.3825   0.5245  -0.0461  -0.5193
x2bar         0.0882   1.0682   0.8418   1.7103   0.2832   0.3692   1.0171   1.5917   -0.238   0.5019   -0.168  -0.0086   1.5109    1.407   1.6505   1.1263   0.9845   0.9539   0.4318   0.4961   1.4079   0.8277   0.9068  -0.8196    0.199
y2bar        -2.8708  -0.8273  -0.7443  -0.0724  -0.3254  -1.4174   -1.404  -1.7593  -1.3487  -1.6835  -1.3048  -0.8921  -1.5574  -1.7495  -1.4549  -2.3769  -1.8021  -1.5728  -1.3011   0.0023  -0.5091  -2.2164    -2.58  -1.0063   -1.836
xybar        -1.9679  -0.5114  -1.0164  -0.1019  -0.3917  -0.4364  -1.3384   -0.879  -1.0154  -0.3284  -1.3755  -1.7586  -1.4609  -1.4024  -0.8865  -0.5308  -1.6381   -1.214  -0.7861  -1.4441  -2.0612   -1.939  -2.0172   -1.832  -1.7344
x2ybr         0.0488   0.3128   0.3553  -0.0331   0.0414   0.2372   0.2183   0.0321    0.564   0.7441  -0.1777   0.3807   0.0645  -0.3898    0.046   0.1765   0.3389  -0.9372   0.1737   0.3698    1.468   1.8464   1.0948   0.4974   2.2205
xy2br          0.514  -1.7799   1.3524  -2.2282    0.713  -1.3064   0.4384  -0.5136  -0.8948  -0.7315   0.5275   0.2324   0.0641  -0.8503  -0.4146  -2.5472   0.1628   -0.732   -0.569  -0.7562   -0.244  -1.5264  -1.3961  -0.5623  -1.2877
x-ege         1.1591   1.4833   2.0178   2.2491   1.2829   1.3234    1.315    2.287  -0.3651   0.2057   2.3965   1.0781   4.3783   3.3812   2.0913   1.1559   1.1446   2.0566  -0.2792   1.2214   2.8159   2.3323   3.8815   1.5812   0.4523
xegvy        -0.7705  -0.3001   0.4616  -0.6177   0.0011   0.4752   0.2789  -0.3317   0.0232  -1.2089  -0.4834   0.2808  -1.3953   -0.381  -0.1148   1.0609   0.1319  -0.8852   0.0036   0.5491  -0.1902   0.3596   0.2567  -0.1117   1.7598
y-ege        -2.3995  -1.3217  -2.0928  -2.3318  -1.0124  -1.7403  -1.8241  -3.0984  -1.6189  -1.7075  -2.2386  -1.8941  -4.3321  -3.9813   -2.605   -2.084   -1.801  -2.2074  -0.7304  -2.3057  -3.8869  -2.6681  -4.2064  -1.2734  -1.5988
yegvx        -0.1371   1.5145   1.8044   0.6847   1.6755   1.1935   1.5946   1.0535   0.8528    0.115   2.2433   1.0512   0.5124   0.3083   0.9864   1.3716   1.3081   1.5857    0.614   0.5783   0.1747    1.175   0.6146    0.954   -0.021
Intercept    35.9875  23.7237 -12.9726  32.6913  -5.4972  16.5968    13.68  17.7011  31.1048  20.9078  21.6034  33.6579  21.1887  33.7706  18.0952  27.1245  13.8369  30.9702  23.3655   3.1089  25.4613  23.3426  30.3161  31.3665  19.2379


Odds Ratios...
               Class
Variable           A        B        C        D        E        F        G        H        I        J        K        L        M        N        O        P        Q        R        S        T        U        V        W        X        Y
============================================================================================================================================================================================================================================
x-box         0.3625   1.0366   1.7631   0.9335   0.7528   0.8236   1.3874   0.7918   1.3309    1.148   0.7702   0.7391   0.8556    0.634   1.2903   1.3691   2.1643   0.7916   0.8878   2.5214   2.0591   1.5358     1.17    0.794   1.8062
y-box         2.3123   1.8164   2.1362   2.2567   1.9097    1.633   1.7749   1.6249   1.9195   1.1795   1.7873   2.3907   2.2832   2.0413   1.7562   1.1854   1.1927   1.9707   1.7256   1.9876   2.0782   1.7558   1.6284   1.7294   1.1962
width        14.7549   1.1926    1.282   0.7838   1.1962   1.9816   2.7307   8.0483   0.7387   1.5634   7.4262   1.7677  10.4328  10.7219   2.3994   2.0737    1.598   2.7757   3.7018   0.6591   1.1817   2.8871   6.5483   7.1904    2.177
high          0.5872    0.252   0.3418   0.1733   0.3548   0.5221   0.4052   0.2654   0.9906   1.7145   0.4133   0.5157   0.0783   0.2509   0.3942   0.6451   0.9227   0.3066   0.6542    0.361   0.1989   0.3812   0.1627    0.763    0.803
onpix         0.3509   1.8983   0.7363   3.3543   1.6738   1.3663   0.6492   0.8678   0.8465   0.5002   0.3284   0.8922   1.0386   0.5226   0.7811   1.4296   0.6228    0.955   0.3968   2.1538   1.9748   0.7874   1.2738   0.1251   0.6365
x-bar         0.8746   0.2402   0.1986   0.2448   0.1877   0.1541   0.2031   0.2934   0.3865   1.3277   0.0656    0.185   0.2889   0.1495   0.2898   0.1802   0.7085   0.1622    0.386   0.3934   0.2101   0.1807   0.1368   0.2578   0.3004
y-bar         0.8538   0.8958   2.5128   0.5578   2.2835    2.502   0.7811   2.1602   0.7867   1.5213   1.4679   0.1914   2.0874    2.797   1.4438   0.9672   0.7382   3.2664   0.8242   6.8773   0.8614    1.466   1.6896    0.955   0.5949
x2bar         1.0922   2.9101   2.3206   5.5304   1.3274   1.4466   2.7653    4.912   0.7882   1.6518   0.8453   0.9915    4.531   4.0838   5.2096   3.0844   2.6763   2.5958   1.5401   1.6422   4.0874   2.2881   2.4763   0.4406   1.2202
y2bar         0.0567   0.4372   0.4751   0.9301   0.7222   0.2423   0.2456   0.1722   0.2596   0.1857   0.2712   0.4098   0.2107   0.1739   0.2334   0.0928   0.1649   0.2075   0.2722   1.0023    0.601    0.109   0.0758   0.3656   0.1594
xybar         0.1397   0.5997   0.3619   0.9031   0.6759   0.6464   0.2623   0.4152   0.3623   0.7201   0.2527   0.1723    0.232    0.246   0.4121   0.5882   0.1944    0.297   0.4556    0.236   0.1273   0.1438    0.133   0.1601   0.1765
x2ybr         1.0501   1.3673   1.4267   0.9674   1.0423   1.2676   1.2439   1.0326   1.7576   2.1046   0.8372   1.4633   1.0666   0.6772   1.0471   1.1931   1.4034   0.3917   1.1897   1.4474   4.3407   6.3368   2.9886   1.6445   9.2121
xy2br         1.6719   0.1687   3.8666   0.1077   2.0402   0.2708   1.5503   0.5983   0.4087   0.4812   1.6947   1.2616   1.0662   0.4273   0.6606   0.0783   1.1769   0.4809   0.5661   0.4695   0.7835   0.2173   0.2476   0.5699   0.2759
x-ege          3.187   4.4074   7.5218   9.4788   3.6069   3.7562   3.7246    9.845   0.6941   1.2284  10.9851   2.9391  79.7022   29.405   8.0955    3.177   3.1412   7.8197   0.7564    3.392  16.7081  10.3021  48.4988   4.8609    1.572
xegvy         0.4628   0.7408   1.5865   0.5392   1.0011   1.6083   1.3217   0.7177   1.0235   0.2985   0.6167   1.3242   0.2477   0.6832   0.8916   2.8889    1.141   0.4126   1.0036   1.7317   0.8268   1.4327   1.2926   0.8943   5.8112
y-ege         0.0908   0.2667   0.1233   0.0971   0.3634   0.1755   0.1614   0.0451   0.1981   0.1813   0.1066   0.1505   0.0131   0.0187   0.0739   0.1244   0.1651     0.11   0.4817   0.0997   0.0205   0.0694   0.0149   0.2799   0.2021
yegvx         0.8719   4.5472   6.0761   1.9832   5.3412   3.2986   4.9265   2.8677   2.3463   1.1218   9.4241   2.8611   1.6693   1.3612   2.6814   3.9418   3.6991   4.8825   1.8479    1.783   1.1909   3.2381    1.849   2.5961   0.9792


Time taken to build model: 115.62 seconds

=== Stratified cross-validation ===
=== Summary ===

Correctly Classified Instances       12350               77.1875 %
Incorrectly Classified Instances      3650               22.8125 %
Kappa statistic                          0.7627
Mean absolute error                      0.0271
Root mean squared error                  0.113 
Relative absolute error                 36.6682 %
Root relative squared error             58.7469 %
Total Number of Instances            16000     

=== Detailed Accuracy By Class ===

                 TP Rate  FP Rate  Precision  Recall   F-Measure  MCC      ROC Area  PRC Area  Class
                 0.894    0.006    0.864      0.894    0.879      0.874    0.991     0.940     A
                 0.748    0.013    0.687      0.748    0.716      0.705    0.985     0.763     B
                 0.761    0.008    0.783      0.761    0.772      0.763    0.985     0.835     C
                 0.807    0.011    0.761      0.807    0.783      0.774    0.985     0.838     D
                 0.776    0.011    0.734      0.776    0.755      0.745    0.981     0.796     E
                 0.761    0.009    0.780      0.761    0.770      0.761    0.984     0.819     F
                 0.529    0.011    0.639      0.529    0.579      0.567    0.955     0.608     G
                 0.441    0.015    0.522      0.441    0.478      0.462    0.923     0.465     H
                 0.829    0.005    0.866      0.829    0.847      0.841    0.981     0.891     I
                 0.811    0.006    0.846      0.811    0.828      0.822    0.983     0.891     J
                 0.710    0.013    0.685      0.710    0.698      0.686    0.975     0.739     K
                 0.789    0.007    0.812      0.789    0.800      0.792    0.983     0.883     L
                 0.908    0.004    0.905      0.908    0.906      0.902    0.993     0.941     M
                 0.856    0.006    0.850      0.856    0.853      0.847    0.993     0.921     N
                 0.679    0.014    0.658      0.679    0.668      0.655    0.970     0.781     O
                 0.821    0.006    0.858      0.821    0.839      0.833    0.985     0.901     P
                 0.723    0.012    0.710      0.723    0.716      0.704    0.967     0.768     Q
                 0.769    0.013    0.705      0.769    0.735      0.725    0.984     0.799     R
                 0.564    0.017    0.564      0.564    0.564      0.548    0.949     0.558     S
                 0.802    0.008    0.802      0.802    0.802      0.794    0.983     0.864     T
                 0.885    0.007    0.843      0.885    0.863      0.858    0.995     0.937     U
                 0.874    0.006    0.857      0.874    0.866      0.860    0.992     0.930     V
                 0.891    0.005    0.871      0.891    0.881      0.876    0.997     0.953     W
                 0.804    0.009    0.779      0.804    0.791      0.783    0.986     0.868     X
                 0.808    0.007    0.826      0.808    0.817      0.810    0.989     0.875     Y
                 0.764    0.008    0.780      0.764    0.772      0.763    0.990     0.860     Z
Weighted Avg.    0.772    0.009    0.771      0.772    0.771      0.762    0.980     0.826     

=== Confusion Matrix ===

   a   b   c   d   e   f   g   h   i   j   k   l   m   n   o   p   q   r   s   t   u   v   w   x   y   z   <-- classified as
 566   0   0   2   0   0   0   2   0   6  12   0   3   1   2   0   1   3  18   1   3   2   2   2   7   0 |   a = A
   1 453   1  16   3   5   6   7   9   0   3   1   0   0  10   8   8  33  30   0   0   5   0   4   1   2 |   b = B
   0   1 448   1  22   1  22   5   0   0  40   6   2   0  18   0   4   0   2  10   7   0   0   0   0   0 |   c = C
   0  30   0 515   0   1   0  10   0   8   4   0   1  14  12   3   2  13   1   6   2   0   0   9   0   7 |   d = D
   0  16  10   1 478   7  26   0   0   0   8   4   0   0   0   0  13   5  18  11   0   0   0   8   0  11 |   e = E
   0   8   1   6   9 471  16   2   2   1   2   0   0   7   0  20   0   2  19  28   2   0   1   6  16   0 |   f = F
   5   6  71   5   5   2 310  10   1   0  18  15   3   0   7   9  65  20  14   0   1  15   1   3   0   0 |   g = G
   6  14   3  26   0  10   8 252   0   6  31   2   6  35  70   5   8  35   0   3  28  12   0   9   2   0 |   h = H
   1   6   0   8   1  11   0   0 504  22   3   8   0   0   4   5   2   0  13   1   0   0   0  11   3   5 |   i = I
  13   0   0   7   2   7   0   3  38 499   0   0   0   3   2   4   2   0  16   0   0   0   0  12   0   7 |   j = J
   3  12  12   3  10   0  17   8   0   0 429  12   5   2   0   0   1  43   1   3  16   0   1  26   0   0 |   k = K
   2   5   4   8  19   0  18   1   1   0   8 474   0   5   1   0  22   2  15   4   2   0   0   9   1   0 |   l = L
   5   2   1   1   0   0   0   6   0   0   0   0 580   8   6   1   0   9   0   0   5   0  15   0   0   0 |   m = M
   3   0   1  12   0   2   0  25   0   0  15   0   6 545   6   2   0   0   0   0   7   2   8   1   2   0 |   n = N
   9   0  10  14   0   0   5  84   0   1   0   1   4   0 413   5  11  12   5   1   4   4  23   2   0   0 |   o = O
   0   2   0   4   1  44  16   1   1   0   4   1   0   3   6 520   0   1   1   1   1   4   3   0  19   0 |   p = P
  17  14   7   5  14   0  11   3   1   3   1  16   0   0  29   4 462   0  28   0   0   3   3   3   8   7 |   q = Q
   8  35   0  10   2   2   3  15   0   1  28   5   1   4   8   0   2 465   0   3   1   2   0  10   0   0 |   r = R
   0  38   0   6  24  12   5   1   8   9   0  26   0   0   9   2  20   9 337   4   0   0   0   7  14  66 |   s = S
   0   5   1   3  14   8  19   2   5   3   6   1   0   0   1   7   0   2   9 516   7   3   0   6  11  14 |   t = T
   5   1   1   2   0   0   0  13   0   0   3   0  11  10  16   0   0   0   0   0 568   1  11   0   0   0 |   u = U
   4   4   0   2   2   3   1  11   0   0   2   0   0   0   5   7   0   3   0   4   1 535  13   0  14   1 |   v = V
   1   1   0   3   0   0   0  17   0   0   1   0  19   4   1   0   0   3   0   0   7  10 548   0   0   0 |   w = W
   1   3   1  11  13   0   1   2  12   4   8   7   0   0   2   1   8   0  14  10   6   0   0 497  11   6 |   x = X
   4   0   0   5   0  17   0   3   0   0   0   1   0   0   0   3  19   0   4  28   6  26   0   7 519   0 |   y = Y
   1   3   0   1  32   1   1   0   0  27   0   4   0   0   0   0   1   0  52   9   0   0   0   6   0 446 |   z = Z

