=== Run information ===

Scheme:       weka.classifiers.bayes.NaiveBayes 
Relation:     letter
Instances:    16000
Attributes:   17
              x-box
              y-box
              width
              high
              onpix
              x-bar
              y-bar
              x2bar
              y2bar
              xybar
              x2ybr
              xy2br
              x-ege
              xegvy
              y-ege
              yegvx
              class
Test mode:    10-fold cross-validation

=== Classifier model (full training set) ===

Naive Bayes Classifier

                 Class
Attribute            A       B       C       D       E       F       G       H       I       J       K       L       M       N       O       P       Q       R       S       T       U       V       W       X       Y       Z
                (0.04)  (0.04)  (0.04)  (0.04)  (0.04)  (0.04)  (0.04)  (0.04)  (0.04)  (0.04)  (0.04)  (0.04)  (0.04)  (0.04)  (0.04)  (0.04)  (0.04)  (0.04)  (0.04)  (0.04)  (0.04)  (0.04)  (0.04)  (0.04)  (0.04)  (0.04)
===============================================================================================================================================================================================================================
x-box
  mean           3.3586  3.9752  4.0492   4.047  3.7159  3.8288  4.0836  4.3538   2.222  2.9984  4.4801  3.3943  4.9609  4.4835  4.1283  4.2212  4.0344  4.0628  4.1893  3.9938   4.567  4.2696  5.1106  4.0987    4.19  3.7432
  std. dev.      1.5278  1.7756  1.7807  1.6911  1.5476  1.6444  1.6947  1.8978  1.8023  1.6902   1.914  1.5869  2.1559  1.9981  1.7216  2.0091   1.734  1.7757  1.7506  1.8455  1.9285  1.9722  2.1732  1.8003  2.0775   1.792
  weight sum        633     606     589     638     616     619     586     571     608     615     604     601     639     637     608     633     639     605     597     643     642     612     615     618     642     584
  precision           1       1       1       1       1       1       1       1       1       1       1       1       1       1       1       1       1       1       1       1       1       1       1       1       1       1

y-box
  mean           7.0284  6.9983  7.1477  7.2665  6.8571  6.9935  6.9744  6.8774  6.9063  6.8146  7.3328  7.0732  7.0767  7.1256  7.1349  7.1785  6.4335  7.0298  7.5896  7.0949  7.0358  7.3627  7.0748  7.1586  6.7461  6.7397
  std. dev.       3.311  3.3342  3.3788   3.352  3.1436  3.2395  3.3142  3.2522  3.3755  3.0398  3.4029  3.3767  3.4162   3.401  3.3084  3.3564  3.2972  3.2947  3.3049  3.2355  3.3526  3.3469  3.3214  3.3757   3.175  3.1597
  weight sum        633     606     589     638     616     619     586     571     608     615     604     601     639     637     608     633     639     605     597     643     642     612     615     618     642     584
  precision           1       1       1       1       1       1       1       1       1       1       1       1       1       1       1       1       1       1       1       1       1       1       1       1       1       1

width
  mean           5.1611  5.1089  4.7148  5.1803  4.7289  4.9095  5.0017  5.8039  2.6102  4.0163  5.9189  4.3295  6.6948  5.7991  4.8964  5.2733  4.9077  5.2231   5.124   4.832  5.3816  5.3611  6.4081  5.6861   5.285  4.8853
  std. dev.      1.5595  1.8663  1.5396  1.7149  1.8009   1.814  1.6529  2.2583  2.2097  1.7381  2.1848  1.6513  2.5513  2.2789  1.6305  1.9258  1.7431  1.8213  1.7242  1.5774  1.8543  1.5766  2.0148  2.0158  1.7116  1.7699
  weight sum        633     606     589     638     616     619     586     571     608     615     604     601     639     637     608     633     639     605     597     643     642     612     615     618     642     584
  precision           1       1       1       1       1       1       1       1       1       1       1       1       1       1       1       1       1       1       1       1       1       1       1       1       1       1

high
  mean           5.2085  5.2096  5.3684  5.2947  5.1461  5.2068  5.3191  5.2049  5.1842  5.6195  5.3709  5.2995  5.3286  5.3548  5.3553  5.5229  6.4116  5.2298  5.5159  5.1851  5.2352  5.4395  5.2634  5.2751  5.7305  5.5719
  std. dev.      2.1546  2.1771  2.1454  2.1249  2.1086  2.2028  2.1809  2.1958  2.2961  2.5481  2.2043  2.1853  2.2326  2.1062  2.1995  2.4424  2.5603  2.0996  2.0623   2.116  2.1923  2.1362  2.1403  2.1449  2.7327  2.5885
  weight sum        633     606     589     638     616     619     586     571     608     615     604     601     639     637     608     633     639     605     597     643     642     612     615     618     642     584
  precision           1       1       1       1       1       1       1       1       1       1       1       1       1       1       1       1       1       1       1       1       1       1       1       1       1       1

onpix
  mean           3.0205  4.6436  2.7759  4.0423  3.6737  3.1599  3.5614  4.2802  1.8109   2.335  4.0149  2.6522  5.3114  3.5934  3.4967  3.7314  4.1221  4.1736  3.5528  2.8554  3.3427   2.848  4.7252  3.2298  3.1075  3.2243
  std. dev.      1.7832  2.1887  1.6861  1.9668  1.9118  2.0373  2.0829  2.2086  1.7097  1.6533  2.1983  1.8344  2.7762  1.8926  1.8953  2.2372  2.0822  2.0662   2.121  1.9574  2.1763  2.0085   2.553  1.8201  2.4847  1.6827
  weight sum        633     606     589     638     616     619     586     571     608     615     604     601     639     637     608     633     639     605     597     643     642     612     615     618     642     584
  precision           1       1       1       1       1       1       1       1       1       1       1       1       1       1       1       1       1       1       1       1       1       1       1       1       1       1

x-bar
  mean           8.9431  7.6518  5.4788  7.5502  6.0016  4.9354  6.8413  7.3555  7.4276  9.6309  5.5911   4.797  7.6479  7.0251  7.3372  6.1991  8.1831  7.1306  7.8007  6.4526  6.1682  6.1193  6.1138  7.2492  6.4065  7.5411
  std. dev.      1.9697  1.1882  1.1411  1.6188  1.9065  2.5596  1.0171  1.1843  1.0582  2.1652  1.8946  2.9157  1.6894  1.4512  0.7629  1.6773  0.9507  1.5074  1.0651  1.3004  1.6993  2.0509  2.3318   1.259  2.0783  1.1726
  weight sum        633     606     589     638     616     619     586     571     608     615     604     601     639     637     608     633     639     605     597     643     642     612     615     618     642     584
  precision           1       1       1       1       1       1       1       1       1       1       1       1       1       1       1       1       1       1       1       1       1       1       1       1       1       1

y-bar
  mean           3.5861  7.0578  7.6027  6.8119  7.3295 10.4459  6.5597  7.3047  7.0461  5.7268  7.0877  3.5724  6.4147  7.9419  6.9638  9.9826  6.7981  8.1421  6.9581 11.3841  6.9081 10.0899  9.2602  7.1764  9.4595  7.0805
  std. dev.      1.8666  0.8335   0.926  0.9644  0.8865  1.9044  1.0823   1.162   0.929  2.1108  0.9065  1.9465  1.4541  1.1379  0.9676  1.8756  1.8702   1.508  1.5126  2.2218  1.6059  1.8559   1.564  0.7011  1.7146    1.26
  weight sum        633     606     589     638     616     619     586     571     608     615     604     601     639     637     608     633     639     605     597     643     642     612     615     618     642     584
  precision           1       1       1       1       1       1       1       1       1       1       1       1       1       1       1       1       1       1       1       1       1       1       1       1       1       1

x2bar
  mean           2.7694  5.3779  5.9576  5.9107  4.2435  3.4701  5.9898  6.6883  1.8734   3.878  3.8013  3.4659  6.0751  6.6421  7.1612  5.3649  6.1033  5.4264  4.5578  2.5179  7.3302  3.4771  3.4667  2.6408  2.6137  3.4195
  std. dev.      1.3339  2.1031  1.3728  2.2486  1.6314  1.3295  1.1727  4.2965  1.8617  2.4348  2.2597  1.9806  3.4374  4.3062  1.2567  2.0456  1.4913  2.1505   1.573  1.6603  3.4645  1.1523   1.338  1.2256  1.6245  1.2876
  weight sum        633     606     589     638     616     619     586     571     608     615     604     601     639     637     608     633     639     605     597     643     642     612     615     618     642     584
  precision           1       1       1       1       1       1       1       1       1       1       1       1       1       1       1       1       1       1       1       1       1       1       1       1       1       1

y2bar
  mean           2.0632   5.566  7.2156  6.4922  7.5357   4.895  5.3942  4.2767  5.9918  5.1187  5.3361   6.594  3.2457  3.7425  4.8405  3.4329  3.9311  4.6347  6.2412  6.5319  5.9206  3.0196  2.1821  6.8204  4.7165  9.2757
  std. dev.      1.2363    1.08  1.9587  1.2566  2.2176  1.1747  1.8344  2.2623  1.5951   1.411  2.0566  1.5169  1.6645  1.5718  1.5515  1.5574  1.9108  1.1827  2.0189  1.2359  1.4592  1.0336  1.0497  1.9645  2.2715  2.9847
  weight sum        633     606     589     638     616     619     586     571     608     615     604     601     639     637     608     633     639     605     597     643     642     612     615     618     642     584
  precision           1       1       1       1       1       1       1       1       1       1       1       1       1       1       1       1       1       1       1       1       1       1       1       1       1       1

xybar
  mean           7.8863  7.9208  8.7385  8.1818  8.4724 11.2585  7.4403  8.0508  9.5444 12.1691  8.2086  4.9185  7.4601  7.3768  7.8684 10.4297  6.8044  7.6942   8.268  8.7729   7.528  7.7533  7.5626  7.9919  7.9439  9.2397
  std. dev.      1.7524   1.627  2.1942  1.8301  1.9925   1.674  1.6792  1.4899  2.9837  2.3403  1.7069  3.7971  1.5936  2.5026  1.2885   1.885  1.9415  1.3909  2.4777  2.4204  2.0147  1.8363  1.4943  1.8983  2.2706  2.0914
  weight sum        633     606     589     638     616     619     586     571     608     615     604     601     639     637     608     633     639     605     597     643     642     612     615     618     642     584
  precision           1       1       1       1       1       1       1       1       1       1       1       1       1       1       1       1       1       1       1       1       1       1       1       1       1       1

x2ybr
  mean           2.3665  5.5248   7.438  5.1285  6.2695  7.8158  6.1604  5.9282  5.8191  4.6715  6.2384  2.5258  6.7715  5.8634  5.8602  5.9163  6.3349  4.3091   5.603  9.3204  9.7461 10.9477  8.5008   6.144 10.5234  5.7997
  std. dev.      1.8698  0.9166  1.4585  1.2225  1.1742  1.9596  1.0983  1.6034  0.7907  1.6585  2.1243  2.2244   2.143  1.8732  1.1564  1.4245   1.655  1.1261  1.6003  1.6591   2.457  2.0067  1.2864  1.7801  1.7765  1.1686
  weight sum        633     606     589     638     616     619     586     571     608     615     604     601     639     637     608     633     639     605     597     643     642     612     615     618     642     584
  precision           1       1       1       1       1       1       1       1       1       1       1       1       1       1       1       1       1       1       1       1       1       1       1       1       1       1

xy2br
  mean           8.5071  6.6353 11.9457  5.7524 10.3247  5.6931  9.5973  7.7951   7.676  8.9089  9.8262  8.1448  8.1721  7.2857  8.0559  4.1817  9.2207  7.5967   7.541  6.7216  8.5125   7.683     7.8   7.945  7.1121  7.9572
  std. dev.      1.2096  0.8349  1.7307  1.1494  2.2767  1.4468  1.5262  0.9102  1.1734  2.3335  1.4843  2.3148  1.2529  1.5447   1.053  1.5374  1.1841  0.9889  1.1447  1.8536  0.8951   1.042  0.6704  0.9639  1.4175  0.9739
  weight sum        633     606     589     638     616     619     586     571     608     615     604     601     639     637     608     633     639     605     597     643     642     612     615     618     642     584
  precision           1       1       1       1       1       1       1       1       1       1       1       1       1       1       1       1       1       1       1       1       1       1       1       1       1       1

x-ege
  mean           2.7883  3.1287  1.9881  3.3746  2.1494  1.7431  2.8123  3.8809  0.5082  1.1057  4.0149  1.1082  8.1862  5.4553  3.3734  2.1769  3.1252  3.6116  1.9179  1.5863  3.8022  3.2859  7.5366  2.9579  2.1636  1.2346
  std. dev.      1.3616  1.8284  1.5706  1.2911  1.6779  1.6475  1.8425  1.5042  1.1513  1.2803  1.4391  1.6838  1.8499  1.0008  1.6713  1.9285  1.1907  1.6433    1.38  1.4618  1.6405   1.565   1.663  0.8447    1.74  1.1095
  weight sum        633     606     589     638     616     619     586     571     608     615     604     601     639     637     608     633     639     605     597     643     642     612     615     618     642     584
  precision           1       1       1       1       1       1       1       1       1       1       1       1       1       1       1       1       1       1       1       1       1       1       1       1       1       1

xegvy
  mean           6.2986  7.9356  8.8591  7.8135  8.3149  9.1325  8.3635   8.063  8.0641  6.9496  7.7268  7.4027  6.1346  8.4553   8.097   9.793  8.3443  6.9471  8.1792  9.6641  8.8006 10.2337  10.387  8.1456 10.6153  8.0051
  std. dev.       1.237  0.8793  1.0369  0.7499  0.8107   0.914  1.0785  0.8796  0.4668  0.9383  1.0719  1.2255  1.8464  0.8965  0.7063  0.7064  1.4982  0.9709  1.1162  1.6161  0.8969  0.9407  1.2428  1.0845  0.8241  0.7752
  weight sum        633     606     589     638     616     619     586     571     608     615     604     601     639     637     608     633     639     605     597     643     642     612     615     618     642     584
  precision           1       1       1       1       1       1       1       1       1       1       1       1       1       1       1       1       1       1       1       1       1       1       1       1       1       1

y-ege
  mean           2.9147  6.5924  4.1307  3.9781  6.0471  3.3005  5.1433  3.1173  2.0526  1.9626  4.0927  2.4676  2.0876  1.4867  3.6316  3.8705  5.3568  5.1074  6.9782   2.297  1.7414  1.6046  1.5073  4.8317    2.81  7.1301
  std. dev.      1.6681  1.5912  1.5212  1.7265  1.4955  2.0886  1.4698  2.4197  2.1781  2.7527  1.8632  2.4207  1.9165  1.7555  1.0462   1.274  1.5598  1.2701  2.5065  2.3111  1.7566  1.9413  1.8653  1.8524  2.6677  1.6376
  weight sum        633     606     589     638     616     619     586     571     608     615     604     601     639     637     608     633     639     605     597     643     642     612     615     618     642     584
  precision           1       1       1       1       1       1       1       1       1       1       1       1       1       1       1       1       1       1       1       1       1       1       1       1       1       1

yegvx
  mean           7.5055  9.0875   8.584  7.6191  8.5195  6.6931  9.2389  7.8354  7.9013  7.4374  8.7815  7.6755  7.5446  7.0408  7.8635  7.7062   8.989   9.476  7.8509  6.3235  6.9081  7.7876   7.148  7.6489  6.3364  7.6301
  std. dev.      1.4958  1.2784  1.3409  1.3417  1.5686  1.5272  1.3428  1.0575  0.9267    1.22    1.85  1.5075  1.2286  1.2796  0.8808   1.088  1.5265  1.7176  1.7988  1.7211  1.4195  0.8366  1.2787  1.0167  1.8593  1.2928
  weight sum        633     606     589     638     616     619     586     571     608     615     604     601     639     637     608     633     639     605     597     643     642     612     615     618     642     584
  precision           1       1       1       1       1       1       1       1       1       1       1       1       1       1       1       1       1       1       1       1       1       1       1       1       1       1



Time taken to build model: 0.23 seconds

=== Stratified cross-validation ===
=== Summary ===

Correctly Classified Instances       10295               64.3438 %
Incorrectly Classified Instances      5705               35.6563 %
Kappa statistic                          0.6292
Mean absolute error                      0.0321
Root mean squared error                  0.139 
Relative absolute error                 43.3473 %
Root relative squared error             72.2632 %
Total Number of Instances            16000     

=== Detailed Accuracy By Class ===

                 TP Rate  FP Rate  Precision  Recall   F-Measure  MCC      ROC Area  PRC Area  Class
                 0.869    0.007    0.830      0.869    0.849      0.843    0.966     0.884     A
                 0.723    0.031    0.479      0.723    0.576      0.569    0.969     0.577     B
                 0.756    0.009    0.771      0.756    0.763      0.754    0.972     0.803     C
                 0.691    0.018    0.615      0.691    0.651      0.637    0.965     0.718     D
                 0.354    0.009    0.599      0.354    0.445      0.444    0.940     0.536     E
                 0.729    0.013    0.685      0.729    0.706      0.695    0.955     0.759     F
                 0.531    0.017    0.539      0.531    0.535      0.517    0.943     0.565     G
                 0.308    0.009    0.561      0.308    0.398      0.400    0.888     0.416     H
                 0.776    0.027    0.533      0.776    0.632      0.626    0.944     0.800     I
                 0.711    0.007    0.812      0.711    0.758      0.751    0.945     0.797     J
                 0.454    0.018    0.500      0.454    0.476      0.457    0.950     0.496     K
                 0.755    0.001    0.964      0.755    0.847      0.848    0.928     0.827     L
                 0.898    0.020    0.655      0.898    0.758      0.756    0.988     0.823     M
                 0.713    0.005    0.865      0.713    0.781      0.777    0.982     0.862     N
                 0.742    0.032    0.475      0.742    0.579      0.574    0.959     0.692     O
                 0.739    0.004    0.883      0.739    0.805      0.801    0.973     0.869     P
                 0.535    0.016    0.579      0.535    0.556      0.539    0.956     0.598     Q
                 0.658    0.016    0.624      0.658    0.640      0.626    0.978     0.731     R
                 0.276    0.028    0.277      0.276    0.277      0.249    0.909     0.265     S
                 0.698    0.013    0.694      0.698    0.696      0.683    0.956     0.770     T
                 0.732    0.004    0.874      0.732    0.797      0.792    0.959     0.838     U
                 0.807    0.015    0.681      0.807    0.739      0.731    0.970     0.779     V
                 0.824    0.012    0.727      0.824    0.773      0.765    0.991     0.859     W
                 0.474    0.025    0.430      0.474    0.451      0.428    0.951     0.477     X
                 0.330    0.006    0.684      0.330    0.445      0.461    0.961     0.591     Y
                 0.601    0.008    0.750      0.601    0.667      0.660    0.968     0.769     Z
Weighted Avg.    0.643    0.014    0.659      0.643    0.640      0.632    0.957     0.698     

=== Confusion Matrix ===

   a   b   c   d   e   f   g   h   i   j   k   l   m   n   o   p   q   r   s   t   u   v   w   x   y   z   <-- classified as
 550   0   0   1   0   0   0   5   0   1   4   0  18  13   0   0   5   3  23   0   2   0   2   2   4   0 |   a = A
   0 438   0  19   0   1   5   4  50   4   6   0  14   0   2   0   7  39   7   0   0   0   5   5   0   0 |   b = B
   0   0 445   0  15   1  30   1   0   0  45   0   2   0  15   0   9   0  14   7   4   1   0   0   0   0 |   c = C
   9  54   0 441   0   1   0   3  32  14   7   0   7   1  23   2   0  22  21   0   0   0   0   1   0   0 |   d = D
   0  11   9   1 218   0  99   2  50   0  26   0   0   0   0   0  44   3  33  13   2   0   1  84   4  16 |   e = E
   0  33   0  17   0 451  12   2   7   0   0   0   1   9   0  25  17   3  13  11   0   0   6   7   5   0 |   f = F
  11  13 106   8   0   1 311   3   7   0  14   0  12   1  12   0  40   9  16   0   0   0  19   3   0   0 |   g = G
   3  33   0  39   0   6   6 176  12   0  19   0  18   4  99   0   4  31   4   1  11   3   9  82  11   0 |   h = H
   0  12   0  35   8   7   0   0 472  17   1   2   0   0   0   3   2   1  40   2   0   0   0   1   0   5 |   i = I
   0  25   0  27   0  12   0   0  32 437   1   0   1   2   6  11   5   8  43   0   0   0   0   4   0   1 |   j = J
   2  22   6  14  68   0  25   6  13   0 274   0  22   3   0   0   3  55   1   8  11   0   0  70   1   0 |   k = K
   4  16   1   0   7   0  15   1   0  32  23 454   1   0   1   0  32   6   2   0   0   0   0   3   3   0 |   l = L
  16   9   0   0   0   0   1   7   0   0  11   0 574   4   4   0   1   1   0   0   2   0   9   0   0   0 |   m = M
   3   5   0  19   0   1   0  39   0   1  11   1  19 454  23   1   1   7   4   0   7  19  22   0   0   0 |   n = N
   5  11   2  19   0   0  13   3  17   0  16   0  14   5 451   3   8  24   0   0   1   1  15   0   0   0 |   o = O
   0   5   0   8   0  63  21   4   1   0   0   0   3   6   3 468   8   0   1   1   0   1  32   0   8   0 |   p = P
  13  12   0   2   0   0   8   0  11   1   1   3  13   0 153   0 342  11  61   0   0   2   3   1   2   0 |   q = Q
   1  61   0  42   0   0   1  18   9  14  17   0  27   1   5   0   5 398   1   0   0   0   2   3   0   0 |   r = R
  37 104   1   8  10  10   6   3  55   3   1   0   1   0   0   2  21   6 165   9   3   5   0  80   1  66 |   s = S
   0   2   2   1   8  47  17   5   0   0  25   0   1   0   0   0   1   2  15 449   3   8   0  24  28   5 |   t = T
   0   0   5   5   0   1   2  19   0   0  26   1  54  16  32   0   3   0   0   0 470   1   3   2   2   0 |   u = U
   0  16   0   0   0   3   3   5   0   0   0   0  14   1   1  11   1   2   3   0   0 494  41   0  17   0 |   v = V
   0   7   0   0   0   0   2   8   0   0   0   0  51   2  11   0   0   0   0   0   0  27 507   0   0   0 |   w = W
   0  25   0   6   6   0   0   0  58   5  15   5   0   0 107   1   1   1  25  21  19   0   0 293   6  24 |   x = X
   0   0   0   3   0  52   0   0   0   0   1   0   9   3   1   3  27   0  29 115   3 163  21   0 212   0 |   y = Y
   9   1   0   2  24   1   0   0  60   9   4   5   0   0   0   0   4   6  75  10   0   0   0  17   6 351 |   z = Z

