Within cluster sum of squared errors: 108.405985 
Cluster centroids:
				Cluster#
Attribute         0         1         2         3         4
               (25)      (21)      (29)      (17)       (8)
============================================================
Home           0.92    0.9048       0.0    0.5882       1.0
Products       0.48    0.8095       1.0    0.4118     0.875
Search         0.52    0.6667    0.3103    0.2941      0.25
Prod_A         0.48    0.8571    0.0345    0.8824     0.875
Prod_B         0.36    0.3333       1.0    0.1176       1.0
Prod_C          0.2    0.9524    0.6552    0.0588       0.0
Cart           0.16    0.8571    0.4828       1.0       1.0
Purchase        0.0     0.381    0.3103    0.8824     0.875
