Within cluster sum of squared errors: 81.980231 
Cluster centroids:
								Cluster#
Attribute         0         1         2         3         4         5         6         7
               (11)      (12)      (14)      (20)       (7)      (18)      (10)       (8)
==========================================================================================
Home         0.7273       1.0       1.0       0.0       0.0    0.8889       1.0       0.0
Products     0.6364    0.8333    0.0714       1.0    0.1429    0.9444       0.8       1.0
Search          0.0      0.25    0.8571       0.2    0.1429    0.4444       1.0     0.625
Prod_A          1.0    0.9167    0.2857       0.0       1.0    0.8889       0.4       0.0
Prod_B       0.3636       1.0    0.0714       1.0    0.2857       0.0       0.8       1.0
Prod_C       0.0909    0.3333    0.2143      0.95       0.0    0.5556       0.8       0.0
Cart            0.0       1.0       0.5      0.55       1.0       1.0       0.3     0.375
Purchase        0.0    0.6667    0.2857      0.45    0.8571    0.6667       0.0       0.0
