Within cluster sum of squared errors: 90.560315 
Cluster centroids:
						Cluster#
Attribute         0         1         2         3         4         5         6
               (13)      (13)      (16)      (14)      (11)      (22)      (11)
================================================================================
Home         0.8462       1.0       1.0    0.3571    0.3636       0.0       1.0
Products     0.6154       1.0       1.0       1.0    0.0909    0.9091       0.0
Search       0.9231    0.2308     0.125       1.0    0.4545       0.0    0.6364
Prod_A       0.7692    0.9231     0.875       0.0    0.8182    0.1364    0.4545
Prod_B       0.1538       1.0       0.0    0.9286    0.2727       1.0    0.1818
Prod_C       0.9231    0.3846      0.25       0.5       0.0    0.6818    0.1818
Cart            1.0    0.7692    0.6875    0.4286       1.0    0.4091    0.0909
Purchase     0.6923    0.4615    0.3125    0.0714    0.9091    0.3636       0.0
