Within cluster sum of squared errors: 95.708292 
Cluster centroids:
						Cluster#
Attribute         0         1         2         3         4         5
               (21)      (21)      (13)      (11)      (21)      (13)
======================================================================
Home         0.0952    0.9048       1.0    0.1818    0.6667    0.7692
Products        1.0    0.7619    0.2308       1.0    0.5714    0.6923
Search       0.2857    0.7143    0.7692    0.6364    0.2381       0.0
Prod_A          0.0    0.9048    0.0769       0.0    0.9524       1.0
Prod_B          1.0     0.381    0.0769       1.0    0.4286    0.3846
Prod_C          1.0    0.9524    0.1538       0.0    0.0476    0.0769
Cart         0.4762    0.8095    0.4615    0.4545       1.0    0.1538
Purchase      0.381    0.3333    0.2308    0.0909    0.9524       0.0
