Within cluster sum of squared errors: 78.697149 
Cluster centroids:
										Cluster#
Attribute         0         1         2         3         4         5         6         7         8         9
               (12)      (10)       (8)      (21)      (14)       (7)       (7)       (6)      (12)       (3)
==============================================================================================================
Home            1.0       0.0       1.0    0.1429    0.8571       1.0       0.0       1.0       1.0       0.0
Products     0.4167       1.0     0.125       1.0    0.9286       1.0    0.1429    0.8333    0.6667    0.3333
Search          1.0       0.1       1.0    0.5238    0.4286    0.1429    0.1429       0.5       0.0       0.0
Prod_A       0.3333       0.0       0.5       0.0       1.0    0.8571       1.0       1.0      0.75       1.0
Prod_B         0.25       1.0      0.25       1.0       0.0       1.0    0.2857       1.0    0.0833       1.0
Prod_C       0.3333       0.9       0.5    0.5714    0.6429       0.0       0.0       1.0    0.0833       0.0
Cart            1.0       1.0     0.125    0.1905       1.0       1.0       1.0    0.6667    0.1667       0.0
Purchase     0.5833       0.9       0.0       0.0    0.7857    0.8571    0.8571       0.0       0.0       0.0
